1350.4227294921875 260.5901184082031 79.698974609375 68.42568969726562
898.8938598632812 387.00975036621094 82.466552734375 92.53582763671875
1824.840087890625 666.2897644042969 67.019775390625 66.1497802734375
1591.3692626953125 978.4954833984375 56.15185546875 68.10791015625
1455.9400634765625 802.3172607421875 74.453125 77.6011962890625
938.9426879882812 258.859130859375 51.87451171875 69.04463195800781
1450.3775634765625 229.41082763671875 69.3447265625 57.41400146484375
1534.44189453125 1135.1393737792969 54.432373046875 70.691162109375
1688.6827392578125 954.2980041503906 60.115966796875 65.4627685546875
1913.9093017578125 264.43819427490234 102.936279296875 93.37554931640625
1300.8275146484375 3.100235939025879 84.629150390625 79.68615245819092
1713.663818359375 838.4808654785156 92.4580078125 86.974365234375
1161.5859375 805.9246215820312 56.595947265625 54.8807373046875
1205.5289306640625 1016.8254089355469 75.0498046875 62.27490234375
181.57179260253906 730.0069427490234 61.69927978515625 68.93476867675781
931.5408935546875 690.0618896484375 55.458984375 60.887969970703125
1342.18310546875 187.2627410888672 67.1201171875 60.443939208984375
1108.9835205078125 1083.0293884277344 68.119873046875 79.1187744140625
1444.7877197265625 620.5527648925781 76.8330078125 60.629791259765625
638.0206909179688 453.0249481201172 47.0125732421875 49.286773681640625
1808.6693115234375 299.5734100341797 87.370849609375 82.38789367675781
517.406005859375 581.7014007568359 51.984130859375 48.050811767578125
392.38604736328125 993.5234069824219 65.054931640625 59.5352783203125
1871.921142578125 268.8320846557617 97.262451171875 88.35626220703125
